geom/triangle1.png: -1.383562
geom/house.png: -2.104396
geom/circle.png: -3.292847
geom/arch.png: -3.367343
geom/clover.png: -3.458325
geom/square.png: -7.671546
geom/balls.png: -8.424150
geom/4star.png: -10.861601
geom/cross.png: -12.129382
geom/5star.png: -15.518929
