geom/triangle1.png: -0.781285
geom/circle.png: -1.716101
geom/cross.png: -1.779953
geom/square.png: -2.015007
geom/house.png: -4.345283
geom/arch.png: -5.787034
geom/clover.png: -6.324668
geom/balls.png: -6.888186
geom/4star.png: -39.391544
geom/5star.png: -42.521824
