geom/square.png: -1.988176
geom/clover.png: -2.655512
geom/circle.png: -2.730226
geom/house.png: -3.134100
geom/arch.png: -4.802466
geom/4star.png: -5.021097
geom/triangle1.png: -6.686351
geom/balls.png: -8.627186
geom/cross.png: -19.556047
geom/5star.png: -35.165924
