geom/house.png: -0.708635
geom/triangle1.png: -1.115013
geom/circle.png: -2.826731
geom/cross.png: -4.569122
geom/arch.png: -5.078209
geom/square.png: -6.158263
geom/balls.png: -6.235594
geom/5star.png: -16.812469
geom/clover.png: -20.237371
geom/4star.png: -33.083992
