geom/cross.png: -2.106119
geom/circle.png: -2.212821
geom/house.png: -2.813296
geom/clover.png: -2.923590
geom/triangle1.png: -4.292048
geom/square.png: -5.566413
geom/4star.png: -6.987315
geom/balls.png: -7.153971
geom/5star.png: -13.961884
geom/arch.png: -14.777182
