geom/house.png: -1.630144
geom/clover.png: -3.554266
geom/cross.png: -3.643818
geom/circle.png: -3.692206
geom/square.png: -6.620787
geom/balls.png: -7.079160
geom/triangle1.png: -7.903833
geom/4star.png: -8.358759
geom/5star.png: -13.183594
geom/arch.png: -15.897914
