geom/cross.png: -2.222284
geom/circle.png: -2.602845
geom/house.png: -2.816377
geom/balls.png: -2.892595
geom/triangle1.png: -4.957770
geom/square.png: -5.885873
geom/arch.png: -10.171183
geom/clover.png: -12.150718
geom/4star.png: -12.663143
geom/5star.png: -18.277357
