geom/triangle1.png: -1.356515
geom/circle.png: -1.577738
geom/cross.png: -1.839145
geom/house.png: -2.129916
geom/square.png: -2.699373
geom/clover.png: -2.705833
geom/balls.png: -3.208832
geom/4star.png: -5.762405
geom/arch.png: -14.167917
geom/5star.png: -19.960947
