geom/triangle1.png: -0.034310
geom/square.png: -2.272617
geom/house.png: -2.843100
geom/circle.png: -3.625523
geom/balls.png: -7.796218
geom/cross.png: -9.120921
geom/4star.png: -9.328592
geom/arch.png: -9.345238
geom/clover.png: -11.833508
geom/5star.png: -16.488298
