geom/triangle1.png: -0.422823
geom/square.png: -1.936712
geom/cross.png: -2.347944
geom/circle.png: -2.487908
geom/clover.png: -2.775010
geom/house.png: -4.100265
geom/4star.png: -6.218019
geom/balls.png: -10.332720
geom/5star.png: -18.458725
geom/arch.png: -18.673569
