geom/triangle1.png: -0.994422
geom/house.png: -1.393101
geom/circle.png: -2.046374
geom/clover.png: -3.371189
geom/square.png: -5.952522
geom/cross.png: -10.090770
geom/balls.png: -10.843365
geom/4star.png: -11.786080
geom/5star.png: -14.840603
geom/arch.png: -19.196283
