geom/house.png: -1.357289
geom/square.png: -1.405693
geom/triangle1.png: -2.067741
geom/circle.png: -3.167662
geom/balls.png: -5.426913
geom/arch.png: -5.605864
geom/4star.png: -9.324810
geom/cross.png: -11.180311
geom/5star.png: -17.893053
geom/clover.png: -20.583298
