geom/triangle1.png: -0.799721
geom/house.png: -1.186906
geom/circle.png: -2.067955
geom/cross.png: -2.117126
geom/square.png: -5.242931
geom/balls.png: -7.578386
geom/arch.png: -10.066849
geom/4star.png: -11.980230
geom/clover.png: -13.712842
geom/5star.png: -17.655207
