geom/triangle1.png: -0.796168
geom/house.png: -1.811777
geom/square.png: -1.820221
geom/balls.png: -2.464202
geom/clover.png: -2.781619
geom/circle.png: -3.887660
geom/4star.png: -8.954907
geom/arch.png: -12.990180
geom/5star.png: -18.480097
geom/cross.png: -21.333710
