geom/cross.png: -2.507702
geom/triangle1.png: -2.623856
geom/square.png: -3.149627
geom/clover.png: -3.204877
geom/circle.png: -3.652132
geom/house.png: -3.837517
geom/balls.png: -9.086898
geom/4star.png: -10.047594
geom/5star.png: -15.713671
geom/arch.png: -17.888765
