geom/triangle1.png: -0.548751
geom/house.png: -0.622676
geom/square.png: -2.048102
geom/circle.png: -3.014771
geom/clover.png: -3.942645
geom/balls.png: -5.417023
geom/arch.png: -10.637312
geom/4star.png: -11.380549
geom/cross.png: -11.655004
geom/5star.png: -14.213039
