geom/triangle1.png: -0.212498
geom/cross.png: -1.830139
geom/house.png: -1.979324
geom/square.png: -2.527383
geom/balls.png: -3.671273
geom/arch.png: -5.142916
geom/circle.png: -6.269525
geom/clover.png: -11.400373
geom/4star.png: -19.215651
geom/5star.png: -31.150499
