geom/triangle1.png: -2.214286
geom/arch.png: -3.286925
geom/circle.png: -3.889667
geom/house.png: -4.490383
geom/balls.png: -6.004809
geom/square.png: -10.258345
geom/cross.png: -11.130732
geom/clover.png: -11.630285
geom/4star.png: -17.754211
geom/5star.png: -27.210400
