geom/triangle1.png: -0.625629
geom/house.png: -1.901676
geom/cross.png: -2.165406
geom/circle.png: -3.429465
geom/clover.png: -4.030674
geom/square.png: -5.307823
geom/balls.png: -6.291034
geom/4star.png: -9.035647
geom/5star.png: -14.212874
geom/arch.png: -16.533964
