geom/triangle1.png: -0.574555
geom/house.png: -1.444886
geom/arch.png: -3.168796
geom/cross.png: -3.808203
geom/circle.png: -4.149131
geom/clover.png: -4.402753
geom/square.png: -4.895242
geom/balls.png: -7.168688
geom/4star.png: -8.557223
geom/5star.png: -14.656426
