geom/square.png: -2.545581
geom/house.png: -2.704220
geom/circle.png: -3.871926
geom/balls.png: -6.610574
geom/cross.png: -9.249829
geom/triangle1.png: -15.350773
geom/4star.png: -15.372526
geom/5star.png: -16.830517
geom/arch.png: -21.902555
geom/clover.png: -30.250221
