geom/house.png: -2.071825
geom/square.png: -2.309287
geom/circle.png: -3.293976
geom/triangle1.png: -4.087046
geom/cross.png: -8.443473
geom/balls.png: -9.457205
geom/clover.png: -13.216200
geom/arch.png: -13.957276
geom/4star.png: -16.472298
geom/5star.png: -20.186705
