geom/circle.png: -1.503584
geom/house.png: -2.054468
geom/square.png: -2.560281
geom/triangle1.png: -5.202917
geom/balls.png: -7.756407
geom/cross.png: -12.286833
geom/clover.png: -16.649767
geom/5star.png: -20.429201
geom/4star.png: -26.397417
geom/arch.png: -26.623533
