geom/circle.png: -1.027971
geom/triangle1.png: -1.267664
geom/house.png: -1.576515
geom/square.png: -2.499637
geom/cross.png: -10.107056
geom/5star.png: -20.723555
geom/4star.png: -23.481947
geom/arch.png: -28.202833
geom/clover.png: -28.813995
geom/balls.png: -31.162642
