geom/triangle1.png: -1.786431
geom/square.png: -2.093044
geom/house.png: -3.372697
geom/circle.png: -3.664031
geom/cross.png: -6.704083
geom/balls.png: -7.008577
geom/clover.png: -13.411532
geom/arch.png: -15.209909
geom/5star.png: -18.038988
geom/4star.png: -21.870522
