geom/triangle1.png: -0.643698
geom/circle.png: -1.194400
geom/square.png: -1.332235
geom/house.png: -2.047628
geom/balls.png: -6.646517
geom/clover.png: -12.714130
geom/cross.png: -14.525631
geom/5star.png: -15.485760
geom/4star.png: -17.850080
geom/arch.png: -36.421848
