geom/circle.png: -1.110829
geom/square.png: -1.841806
geom/house.png: -2.670173
geom/cross.png: -7.969040
geom/balls.png: -10.294744
geom/triangle1.png: -11.079120
geom/4star.png: -18.774975
geom/clover.png: -19.563759
geom/5star.png: -20.601515
geom/arch.png: -40.794991
