geom/square.png: -2.756157
geom/house.png: -2.836516
geom/circle.png: -3.243706
geom/triangle1.png: -4.706073
geom/cross.png: -5.097067
geom/balls.png: -9.408808
geom/5star.png: -16.168695
geom/clover.png: -18.152962
geom/4star.png: -22.224928
geom/arch.png: -24.278765
