geom/circle.png: -2.655593
geom/house.png: -3.423172
geom/square.png: -3.554091
geom/triangle1.png: -5.254656
geom/balls.png: -8.277387
geom/cross.png: -8.860018
geom/clover.png: -13.887303
geom/4star.png: -17.780468
geom/arch.png: -17.890980
geom/5star.png: -20.161238
