geom/square.png: -0.706079
geom/house.png: -2.299369
geom/circle.png: -2.835203
geom/triangle1.png: -3.399330
geom/cross.png: -16.073952
geom/5star.png: -16.518585
geom/clover.png: -16.685614
geom/balls.png: -19.030704
geom/4star.png: -35.902328
geom/arch.png: -36.081875
