geom/triangle1.png: -0.591101
geom/square.png: -1.855682
geom/circle.png: -2.323906
geom/house.png: -3.477429
geom/clover.png: -3.596104
geom/cross.png: -3.617950
geom/4star.png: -13.415354
geom/balls.png: -18.892109
geom/arch.png: -26.291245
geom/5star.png: -27.921824
