geom/circle.png: -0.310892
geom/triangle1.png: -0.317028
geom/square.png: -0.434949
geom/cross.png: -1.749339
geom/clover.png: -2.121339
geom/house.png: -6.632873
geom/4star.png: -14.783952
geom/balls.png: -16.575714
geom/arch.png: -26.369740
geom/5star.png: -29.479336
