geom/triangle1.png: -0.652712
geom/clover.png: -2.255083
geom/square.png: -3.729970
geom/circle.png: -6.269692
geom/house.png: -7.027673
geom/balls.png: -11.790354
geom/cross.png: -13.153430
geom/4star.png: -26.441141
geom/5star.png: -27.334877
geom/arch.png: -32.887211
