geom/square.png: -0.195717
geom/circle.png: -0.350358
geom/triangle1.png: -0.504751
geom/cross.png: -2.690528
geom/clover.png: -4.073422
geom/house.png: -4.827533
geom/4star.png: -13.934428
geom/balls.png: -14.485820
geom/arch.png: -23.152874
geom/5star.png: -35.001606
