geom/circle.png: -0.244858
geom/cross.png: -0.903904
geom/triangle1.png: -2.271710
geom/clover.png: -3.091602
geom/house.png: -4.317834
geom/square.png: -5.004836
geom/balls.png: -10.788526
geom/4star.png: -11.385926
geom/arch.png: -25.736483
geom/5star.png: -30.435221
