geom/triangle1.png: -1.139652
geom/clover.png: -1.959133
geom/circle.png: -2.409788
geom/cross.png: -2.763525
geom/square.png: -2.947381
geom/house.png: -5.333385
geom/balls.png: -16.098154
geom/4star.png: -18.953110
geom/5star.png: -24.424574
geom/arch.png: -28.791349
