geom/square.png: -0.256962
geom/circle.png: -0.335164
geom/triangle1.png: -0.591308
geom/cross.png: -1.336393
geom/clover.png: -1.761908
geom/house.png: -2.975706
geom/4star.png: -15.398501
geom/balls.png: -18.718262
geom/5star.png: -28.974205
geom/arch.png: -32.095165
