geom/circle.png: -0.303087
geom/triangle1.png: -0.689148
geom/square.png: -0.842793
geom/cross.png: -2.181526
geom/clover.png: -3.314326
geom/house.png: -3.340111
geom/balls.png: -11.848660
geom/4star.png: -12.682677
geom/5star.png: -24.004108
geom/arch.png: -25.714499
