geom/triangle1.png: -0.327205
geom/square.png: -0.404087
geom/circle.png: -0.568668
geom/cross.png: -1.061682
geom/clover.png: -4.532694
geom/house.png: -7.009047
geom/4star.png: -11.047065
geom/balls.png: -27.469641
geom/arch.png: -31.979078
geom/5star.png: -52.029373
