geom/circle.png: -0.320079
geom/triangle1.png: -0.935109
geom/square.png: -1.588268
geom/house.png: -2.110831
geom/clover.png: -3.464549
geom/4star.png: -11.171491
geom/cross.png: -14.172210
geom/balls.png: -24.870520
geom/5star.png: -26.695007
geom/arch.png: -28.430256
