geom/circle.png: -0.407186
geom/square.png: -1.695406
geom/triangle1.png: -2.578478
geom/house.png: -3.424115
geom/4star.png: -11.557981
geom/cross.png: -14.243027
geom/balls.png: -18.268309
geom/clover.png: -21.834747
geom/arch.png: -22.836414
geom/5star.png: -29.692236
