geom/triangle1.png: -0.378554
geom/square.png: -0.447826
geom/circle.png: -2.525170
geom/clover.png: -2.658715
geom/house.png: -3.254386
geom/4star.png: -13.217992
geom/balls.png: -14.582041
geom/cross.png: -15.591489
geom/arch.png: -28.103125
geom/5star.png: -30.018480
