geom/circle.png: -0.205957
geom/triangle1.png: -3.615698
geom/clover.png: -4.372696
geom/square.png: -4.478923
geom/house.png: -4.521419
geom/4star.png: -12.129716
geom/cross.png: -14.495311
geom/balls.png: -19.776495
geom/arch.png: -33.849884
geom/5star.png: -36.402061
