geom/circle.png: -0.702367
geom/triangle1.png: -0.829300
geom/square.png: -2.039721
geom/house.png: -4.506780
geom/clover.png: -7.774671
geom/cross.png: -14.240462
geom/5star.png: -24.905869
geom/balls.png: -26.329496
geom/4star.png: -28.317581
geom/arch.png: -29.112951
