geom/triangle1.png: -0.823626
geom/cross.png: -1.153160
geom/clover.png: -2.508172
geom/square.png: -3.811044
geom/circle.png: -3.912543
geom/house.png: -7.369683
geom/4star.png: -10.437729
geom/balls.png: -13.314882
geom/5star.png: -23.447708
geom/arch.png: -30.823133
