geom/circle.png: -0.264779
geom/triangle1.png: -0.981953
geom/cross.png: -1.577078
geom/clover.png: -2.514325
geom/square.png: -2.521165
geom/house.png: -4.946993
geom/balls.png: -10.139042
geom/arch.png: -25.772640
geom/4star.png: -31.180349
geom/5star.png: -52.900513
