geom/house.png: -3.053404
geom/clover.png: -3.785589
geom/square.png: -6.182835
geom/circle.png: -6.505025
geom/triangle1.png: -8.759514
geom/4star.png: -12.772468
geom/cross.png: -16.438488
geom/balls.png: -22.269735
geom/arch.png: -28.110819
geom/5star.png: -28.738449
