geom/circle.png: -0.347649
geom/cross.png: -1.414941
geom/square.png: -2.290369
geom/clover.png: -2.593089
geom/house.png: -3.006418
geom/triangle1.png: -8.884326
geom/balls.png: -10.632287
geom/5star.png: -23.781023
geom/arch.png: -26.066439
geom/4star.png: -33.703964
