geom/circle.png: -0.198482
geom/square.png: -1.826758
geom/cross.png: -2.615483
geom/house.png: -2.730883
geom/clover.png: -3.576523
geom/triangle1.png: -14.657284
geom/4star.png: -15.945338
geom/arch.png: -23.915859
geom/balls.png: -30.567118
geom/5star.png: -32.212944
