geom/square.png: -0.177176
geom/circle.png: -0.564684
geom/triangle1.png: -1.127490
geom/clover.png: -2.629790
geom/house.png: -6.360046
geom/4star.png: -13.229937
geom/cross.png: -14.957060
geom/balls.png: -30.420578
geom/5star.png: -36.184193
geom/arch.png: -52.710442
