geom/circle.png: -1.452792
geom/house.png: -2.122535
geom/square.png: -2.224861
geom/triangle1.png: -3.189336
geom/cross.png: -8.965772
geom/clover.png: -12.932227
geom/5star.png: -14.613149
geom/4star.png: -21.189152
geom/balls.png: -30.856787
geom/arch.png: -32.089294
