geom/circle.png: -1.155501
geom/house.png: -1.502881
geom/square.png: -2.819379
geom/triangle1.png: -3.087244
geom/cross.png: -6.923913
geom/balls.png: -8.091271
geom/clover.png: -21.181797
geom/4star.png: -21.980921
geom/5star.png: -24.018518
geom/arch.png: -27.027208
