geom/circle.png: -0.635559
geom/triangle1.png: -1.645471
geom/square.png: -2.928428
geom/cross.png: -6.179376
geom/house.png: -6.577902
geom/balls.png: -8.132903
geom/5star.png: -17.840656
geom/4star.png: -17.981066
geom/clover.png: -31.506588
geom/arch.png: -41.888248
