geom/circle.png: -0.811299
geom/triangle1.png: -2.086501
geom/square.png: -3.433460
geom/house.png: -3.667584
geom/balls.png: -7.047713
geom/cross.png: -9.947508
geom/arch.png: -17.187571
geom/clover.png: -21.167345
geom/4star.png: -23.356003
geom/5star.png: -24.797335
