geom/circle.png: -0.585888
geom/square.png: -1.582134
geom/triangle1.png: -3.289795
geom/house.png: -5.789937
geom/balls.png: -6.362856
geom/cross.png: -9.228392
geom/5star.png: -14.375377
geom/clover.png: -15.752096
geom/4star.png: -21.834604
geom/arch.png: -42.160263
