geom/circle.png: -0.839953
geom/square.png: -1.897940
geom/house.png: -2.597233
geom/triangle1.png: -5.680258
geom/cross.png: -9.245184
geom/4star.png: -14.104423
geom/clover.png: -14.798878
geom/5star.png: -15.440746
geom/balls.png: -16.243515
geom/arch.png: -31.841152
