geom/triangle1.png: -0.530192
geom/circle.png: -1.380245
geom/square.png: -3.038199
geom/house.png: -4.125005
geom/cross.png: -6.675801
geom/balls.png: -10.670804
geom/clover.png: -14.132909
geom/arch.png: -14.494892
geom/4star.png: -18.108362
geom/5star.png: -20.509304
