geom/circle.png: -0.913150
geom/triangle1.png: -2.822297
geom/house.png: -3.932362
geom/square.png: -5.717536
geom/balls.png: -9.492702
geom/cross.png: -9.670422
geom/clover.png: -15.733141
geom/4star.png: -17.423403
geom/arch.png: -18.759638
geom/5star.png: -19.860090
