geom/square.png: -2.029484
geom/house.png: -2.265097
geom/circle.png: -4.089161
geom/triangle1.png: -4.875794
geom/balls.png: -7.450288
geom/cross.png: -9.134213
geom/5star.png: -15.504295
geom/clover.png: -17.228512
geom/arch.png: -22.612017
geom/4star.png: -22.869808
