geom/square.png: -2.014731
geom/circle.png: -2.851368
geom/house.png: -3.131374
geom/triangle1.png: -3.543609
geom/cross.png: -9.898956
geom/clover.png: -14.607972
geom/5star.png: -15.942282
geom/4star.png: -18.575853
geom/arch.png: -18.772888
geom/balls.png: -21.708185
